825468
728748
687276
586181
939321
1395364
812146
293938
488931
811125
499448
785868
367818
741274
772600
1015047
661367
594240
579486
530662
320620
561166
1324457
335109
784502
921492
514847
527965
1002732
823450
988404
783762
1289254
833214
883060
260610
904997
1577544
1041394
780081
1048056
795360
424667
756238
507507
566866
545690
541645
596587
926361
911449
737793
918350
403682
1060369
893223
792348
787054
477757
730378
984715
835259
329479
787443
1624843
619070
351716
1181242
506438
878954
550632
1137760
1005920
722623
696816
906112
1186900
1279381
650820
1494158
1247809
1065489
912260
1456186
750102
625115
853976
192876
815490
806185
657574
898070
744853
1404548
1267451
1302205
706640
752678
889556
579215
39706
64637
60987
44582
34101
48204
69161
60378
53572
129886
20465
56753
17084
49537
88529
103230
60790
45678
66398
71831
79753
114536
49648
18915
57954
132680
68806
54122
36194
62240
60813
52764
83607
83932
24367
50303
80169
117431
17681
73992
79066
90394
58060
37317
128445
113053
64980
59402
183124
85028
61703
77212
69786
11821
48907
34856
53164
86525
62927
85827
81262
110838
104296
110186
85831
58339
124504
37520
60372
63849
72042
98487
54608
44921
82448
64466
81276
65308
28007
76088
54642
56805
71941
86962
57624
35623
31999
100228
79720
93121
34684
109181
95728
36611
103340
87141
77391
34963
88094
29480
5959
6187
2593
8025
6517
5603
7238
7714
9546
2081
4005
3042
4787
4776
3005
8576
4741
8389
1172
1682
3279
6426
7170
4719
5683
7211
5305
4325
1867
3525
8094
5193
5514
4685
4584
6314
9089
6767
4919
4613
4987
3474
1140
9282
2992
3493
4455
1140
1333
927
5225
3970
3080
8038
1082
5830
7869
3962
3750
7821
3925
5090
4779
4655
5012
6520
8002
1145
7405
691
8555
1671
5681
4411
4076
5871
3174
2541
6040
5149
1307
818
2481
3164
8588
103
5651
135
1656
4929
10334
5078
9171
5648
4652
4957
4992
6953
2734
5340
375
638
275
263
535
622
164
263
436
275
271
169
254
415
271
90
271
346
198
306
232
174
99
280
174
251
174
174
216
420
435
550
553
664
263
794
504
553
619
415
169
169
148
148
695
209
374
329
148
204
184
372
103
465
184
465
129
465
465
184
401
191
103
108
103
484
221
322
401
629
43
244
342
212
132
132
253
413
146
244
317
383
150
150
338
150
144
383
338
338
265
404
228
504
265
348
265
596
265
265
477575
462275
458903
714697
581634
242081
417703
529407
228397
580122
368016
512615
459829
322946
490109
431109
427243
141683
662021
349148
253640
167428
251502
377079
388378
485786
394327
273081
248649
438189
237848
259709
236144
402979
493405
270582
667142
510307
372952
425298
390698
259214
406302
373599
375410
512559
678134
389826
474785
505274
417932
450186
317046
299749
511218
469720
351306
804062
485834
817825
457372
470850
435482
438129
504035
563019
406535
396503
596445
532609
192188
473945
495657
323114
436932
322117
456583
415338
389919
486800
395553
195694
156544
247062
359029
547890
323493
541088
489295
273372
310980
333548
416162
373100
652629
324370
292534
453931
392402
233783
34284
27668
37747
32928
20887
23911
28268
30792
23979
25065
4366
20753
13364
19104
24815
23569
40610
25241
33858
15031
53988
50083
30401
65634
43412
46278
33633
42876
37810
38175
21980
23575
31914
33140
47213
54518
71122
50180
6513
53314
23209
18762
17040
25610
21823
16304
16916
31644
21159
14571
32973
71120
20594
20898
27348
34535
14784
49474
53338
12243
29103
29746
61922
35148
44059
53679
23288
41667
15145
26226
6544
37761
9435
54629
44208
32367
18995
30756
12950
40873
22436
13539
14049
11433
9337
35347
37422
21691
25247
22069
22685
36661
38590
22804
65775
29838
16106
48891
40715
37614
904
1505
3326
1292
1222
1980
2445
1513
2717
1395
2531
490
2238
3700
2525
2772
1812
981
3105
385
2796
33
1496
2435
1615
2182
610
321
2554
2632
2127
1429
142
2414
2407
1196
1509
491
2933
1727
2480
1551
1312
251
3796
1400
2233
4337
1463
1573
647
884
960
2978
2321
2578
1463
739
1721
1482
655
2368
1829
940
1811
1798
1769
2770
1133
3282
3404
1731
3515
644
3043
3678
2078
2142
1953
1814
3852
1140
1863
3154
1622
2431
844
1806
3631
388
1228
3526
3137
1750
2263
3489
3381
1267
2194
839
