6.404081106185913
6.053165435791016
6.087794780731201
6.026029109954834
6.017030715942383
7.312377452850342
7.100613594055176
6.984659194946289
7.234665870666504
7.17827844619751
6.838425874710083
6.419291019439697
7.2473976612091064
7.9410130977630615
7.783313035964966
7.508811712265015
7.591130256652832
6.240213871002197
6.378586053848267
7.466817855834961
6.715393304824829
6.376719236373901
7.0483903884887695
6.810032606124878
6.824974060058594
6.785031318664551
6.864490270614624
6.913898944854736
6.798527240753174
6.85234522819519
6.80129599571228
6.882268190383911
6.804823160171509
6.821270704269409
6.781745672225952
6.827776908874512
6.83051872253418
6.827685594558716
6.824891805648804
6.820861101150513
7.139191150665283
6.92491888999939
6.80999231338501
6.8545732498168945
6.828479290008545
7.111370086669922
6.83965277671814
6.907681941986084
6.829676389694214
6.888834714889526
6.844001054763794
6.863832235336304
6.8763909339904785
6.942196846008301
6.914108991622925
6.895861864089966
6.885527849197388
7.480319261550903
6.866902589797974
6.937955379486084
6.794219255447388
6.761365175247192
6.792893171310425
7.062439441680908
6.912767648696899
6.835585117340088
6.838687896728516
6.891746282577515
6.845459222793579
6.850795030593872
6.901005983352661
6.994447946548462
7.126237154006958
6.324820518493652
6.966552495956421
6.819028854370117
6.843244314193726
6.8881964683532715
6.756304979324341
6.856729745864868
6.798242807388306
6.838542938232422
6.807121515274048
6.501366376876831
6.205505847930908
6.606280088424683
6.8458943367004395
6.8078529834747314
6.854341983795166
6.9198527336120605
6.878534317016602
6.859715461730957
6.924379110336304
6.837646484375
6.881925821304321
6.881961107254028
6.913611650466919
6.834768533706665
6.87572979927063
6.855764150619507
0.13085293769836426
0.1329033374786377
0.13147830963134766
0.13793516159057617
0.13285517692565918
0.13140010833740234
0.13336777687072754
0.13385653495788574
0.13987207412719727
0.13085103034973145
0.1383674144744873
0.14037442207336426
0.1313495635986328
0.13335514068603516
0.13289761543273926
0.131927490234375
0.12984490394592285
0.13235092163085938
0.13235187530517578
0.1333613395690918
0.1313495635986328
0.1313493251800537
0.13385605812072754
0.13034701347351074
0.13435864448547363
0.13281917572021484
0.13087248802185059
0.13285374641418457
0.13239741325378418
0.1303565502166748
0.13135099411010742
0.13084840774536133
0.13435816764831543
0.13385605812072754
0.13285374641418457
0.1348586082458496
0.1313495635986328
0.1318509578704834
0.13134264945983887
0.13188648223876953
0.13285350799560547
0.13135099411010742
0.1313493251800537
0.13134980201721191
0.13134980201721191
0.13338708877563477
0.13283300399780273
0.13084769248962402
0.1304175853729248
0.13084793090820312
0.1318507194519043
0.13084125518798828
0.12984609603881836
0.14936566352844238
0.13489580154418945
0.1348586082458496
0.13636255264282227
0.13995957374572754
0.13142871856689453
0.13244175910949707
0.1319413185119629
0.13432860374450684
0.13285613059997559
0.13134980201721191
0.12934446334838867
0.13435769081115723
0.13434886932373047
0.1329813003540039
0.1304769515991211
0.13135075569152832
0.13034582138061523
0.13132381439208984
0.12941408157348633
0.13483524322509766
0.12982177734375
0.13437414169311523
0.13236188888549805
0.1310255527496338
0.1328566074371338
0.13138055801391602
0.13034892082214355
0.1318509578704834
0.1293165683746338
0.13285398483276367
0.13235235214233398
0.13189220428466797
0.13135600090026855
0.12936949729919434
0.1303846836090088
0.13390803337097168
0.1288433074951172
0.1329326629638672
0.13034725189208984
0.1339106559753418
0.13284969329833984
0.13184547424316406
0.1313920021057129
0.13335490226745605
0.13535857200622559
0.1353604793548584
0.007018327713012695
0.009521007537841797
0.008022546768188477
0.008020639419555664
0.008522748947143555
0.00902414321899414
0.0075206756591796875
0.006516933441162109
0.007018566131591797
0.008021116256713867
0.009526252746582031
0.008522987365722656
0.006517171859741211
0.007018566131591797
0.007010221481323242
0.010026931762695312
0.008522510528564453
0.008522987365722656
0.006536245346069336
0.007018566131591797
0.008020877838134766
0.008009910583496094
0.009023666381835938
0.008563041687011719
0.008022069931030273
0.006016254425048828
0.007519721984863281
0.006518125534057617
0.008522748947143555
0.009035825729370117
0.006517887115478516
0.006518125534057617
0.006510019302368164
0.009023904800415039
0.00802159309387207
0.006509304046630859
0.0065174102783203125
0.007514238357543945
0.008522748947143555
0.00701904296875
0.0065174102783203125
0.0070171356201171875
0.007519960403442383
0.009073257446289062
0.007018566131591797
0.006517171859741211
0.0065174102783203125
0.008512258529663086
0.009023904800415039
0.007528781890869141
0.006517171859741211
0.006517648696899414
0.008013010025024414
0.009525537490844727
0.007521390914916992
0.0060160160064697266
0.007519960403442383
0.008021116256713867
0.009525537490844727
0.007520437240600586
0.006517648696899414
0.0070188045501708984
0.008522748947143555
0.008522748947143555
0.007534980773925781
0.006516933441162109
0.006517171859741211
0.009032249450683594
0.008021354675292969
0.006519317626953125
0.0060160160064697266
0.007015228271484375
0.008522748947143555
0.008522748947143555
0.0060160160064697266
0.0060155391693115234
0.0065174102783203125
0.00902414321899414
0.009056806564331055
0.007524013519287109
0.006517648696899414
0.0065174102783203125
0.008021354675292969
0.008522987365722656
0.00701904296875
0.0065174102783203125
0.0070188045501708984
0.008020877838134766
0.008522748947143555
0.008521556854248047
0.006517648696899414
0.006516933441162109
0.009024381637573242
0.008522748947143555
0.006520986557006836
0.008522987365722656
0.007018089294433594
0.006999969482421875
0.00802159309387207
0.008532285690307617
0.0005011558532714844
0.0010023117065429688
0.0005009174346923828
0.0005011558532714844
0.0005011558532714844
0.0005013942718505859
0.0005011558532714844
0.0005011558532714844
0.0005011558532714844
0.0005009174346923828
0.0010018348693847656
0.001020669937133789
0.000492095947265625
0.0005013942718505859
0.0005009174346923828
0.0005013942718505859
0.0005009174346923828
0.0005016326904296875
0.0005011558532714844
0.0010144710540771484
0.0005011558532714844
0.0005016326904296875
0.0005016326904296875
0.0010025501251220703
0.0010037422180175781
0.00048613548278808594
0.0005009174346923828
0.0005009174346923828
0.0005018711090087891
0.0005013942718505859
0.0005011558532714844
0.0005013942718505859
0.0005009174346923828
0.0005011558532714844
0.0005009174346923828
0.0010025501251220703
0.0010173320770263672
0.0010061264038085938
0.001001119613647461
0.0005006790161132812
0.0005006790161132812
0.0010020732879638672
0.0005011558532714844
0.0005011558532714844
0.0005011558532714844
0.0005011558532714844
0.0005011558532714844
0.0005009174346923828
0.0005009174346923828
0.0010023117065429688
0.0005033016204833984
0.00098419189453125
0.0010037422180175781
0.0005009174346923828
0.0005011558532714844
0.0010020732879638672
0.0005013942718505859
0.0005011558532714844
0.0005009174346923828
0.0005006790161132812
0.0005009174346923828
0.0005009174346923828
0.0004875659942626953
0.0004894733428955078
0.0005011558532714844
0.0010023117065429688
0.0005009174346923828
0.0005011558532714844
0.0005011558532714844
0.0010023117065429688
0.0005013942718505859
0.0005013942718505859
0.0005006790161132812
0.0010025501251220703
0.0005009174346923828
0.0010035037994384766
0.0010080337524414062
0.0005011558532714844
0.0010008811950683594
0.0005006790161132812
0.0005011558532714844
0.0005013942718505859
0.0010025501251220703
0.0005016326904296875
0.0005011558532714844
0.0005013942718505859
0.0005016326904296875
0.0005009174346923828
0.000986337661743164
0.0005016326904296875
0.0005013942718505859
0.0005011558532714844
0.0004994869232177734
0.0005004405975341797
0.0005016326904296875
0.0005009174346923828
0.0005013942718505859
0.0005009174346923828
0.0005011558532714844
0.0005009174346923828
1.8611018657684326
1.8836274147033691
1.8638465404510498
1.8765642642974854
1.8721232414245605
1.8715620040893555
1.866384506225586
1.862597942352295
1.8662145137786865
1.8614540100097656
1.8781249523162842
1.8591153621673584
1.8730721473693848
1.8577384948730469
1.8807501792907715
1.862635612487793
1.8790841102600098
1.8731319904327393
1.861586332321167
1.8659944534301758
1.8531410694122314
1.8806660175323486
1.8609743118286133
1.8709468841552734
1.8721075057983398
1.8645381927490234
1.8529605865478516
1.8624584674835205
1.8771893978118896
1.8783464431762695
1.88210129737854
1.8649697303771973
1.878265619277954
1.8540902137756348
1.8754756450653076
1.8560192584991455
1.872981309890747
1.873988151550293
1.8581421375274658
1.866053819656372
1.8551411628723145
1.8671479225158691
1.8694384098052979
1.8856589794158936
1.8556604385375977
1.8648791313171387
1.9958436489105225
1.8645555973052979
1.8765735626220703
1.9050514698028564
1.9131689071655273
2.226078748703003
2.003659248352051
1.9001586437225342
1.8564918041229248
1.875767469406128
2.0507991313934326
1.9369373321533203
1.8441271781921387
1.8587284088134766
1.8454103469848633
1.835066795349121
1.8815820217132568
1.845123291015625
1.8658437728881836
1.8362071514129639
1.873436450958252
1.8382587432861328
1.8732283115386963
1.848625898361206
1.868941307067871
1.842529058456421
1.8498291969299316
1.8595170974731445
1.8507113456726074
1.9032630920410156
1.8556172847747803
1.8680613040924072
1.8411273956298828
1.8440191745758057
1.8842616081237793
1.8396072387695312
1.871001958847046
1.837916374206543
1.8756451606750488
1.8584914207458496
1.8411312103271484
1.8847594261169434
1.8460166454315186
1.852586030960083
1.853926658630371
1.9317708015441895
2.0693182945251465
1.8178400993347168
2.1056323051452637
1.7503478527069092
1.9638636112213135
1.8204517364501953
1.7968213558197021
1.746647834777832
0.044620513916015625
0.0451202392578125
0.0451197624206543
0.04411745071411133
0.04311490058898926
0.04515242576599121
0.04361581802368164
0.04361581802368164
0.05669355392456055
0.0591578483581543
0.06316661834716797
0.05163764953613281
0.0486295223236084
0.04963231086730957
0.0486295223236084
0.04712486267089844
0.04762721061706543
0.048128366470336914
0.04562115669250488
0.04411721229553223
0.04411721229553223
0.043616294860839844
0.0451202392578125
0.04361581802368164
0.04361581802368164
0.044618844985961914
0.048128604888916016
0.04560708999633789
0.04411172866821289
0.04411745071411133
0.043616294860839844
0.04811739921569824
0.04662466049194336
0.0451202392578125
0.0486295223236084
0.04812788963317871
0.046624183654785156
0.045621633529663086
0.047125816345214844
0.049634456634521484
0.04762697219848633
0.04762697219848633
0.04762697219848633
0.0451200008392334
0.04812812805175781
0.04762840270996094
0.04612278938293457
0.0451202392578125
0.043616294860839844
0.043114423751831055
0.04963374137878418
0.044618844985961914
0.04562187194824219
0.04612278938293457
0.0486295223236084
0.046623945236206055
0.0486292839050293
0.04515218734741211
0.044625043869018555
0.045120954513549805
0.04511857032775879
0.04411721229553223
0.04863095283508301
0.04311704635620117
0.04362320899963379
0.04512381553649902
0.0456242561340332
0.0486297607421875
0.04862713813781738
0.048162221908569336
0.04709935188293457
0.04665994644165039
0.047119140625
0.054700613021850586
0.04758262634277344
0.050669193267822266
0.04712414741516113
0.04719281196594238
0.043610334396362305
0.044116973876953125
0.044116973876953125
0.04412221908569336
0.04461860656738281
0.050126075744628906
0.04411792755126953
0.04361772537231445
0.04361367225646973
0.04461669921875
0.04461860656738281
0.043617963790893555
0.04411506652832031
0.05711793899536133
0.05712080001831055
0.06066131591796875
0.05313277244567871
0.046624183654785156
0.04662466049194336
0.043616294860839844
0.043616294860839844
0.049130916595458984
0.0035092830657958984
0.003008127212524414
0.003008127212524414
0.0035092830657958984
0.0030078887939453125
0.0035092830657958984
0.003007650375366211
0.0030078887939453125
0.0030078887939453125
0.003008127212524414
0.0035092830657958984
0.0035092830657958984
0.003007650375366211
0.003007650375366211
0.0035092830657958984
0.005010843276977539
0.0045125484466552734
0.004008769989013672
0.003509044647216797
0.005013465881347656
0.0030078887939453125
0.005018711090087891
0.0030083656311035156
0.0045125484466552734
0.0035092830657958984
0.003008127212524414
0.005513668060302734
0.0030083656311035156
0.005013465881347656
0.0035097599029541016
0.003008127212524414
0.0035076141357421875
0.0030083656311035156
0.00551605224609375
0.0030078887939453125
0.0040132999420166016
0.0034842491149902344
0.003007650375366211
0.004010438919067383
0.0030083656311035156
0.0060160160064697266
0.003008127212524414
0.004010677337646484
0.0030074119567871094
0.003007650375366211
0.005517244338989258
0.003509521484375
0.0045125484466552734
0.0035092830657958984
0.003008127212524414
0.004008293151855469
0.003007650375366211
0.004512310028076172
0.0035092830657958984
0.0035092830657958984
0.0035092830657958984
0.0030083656311035156
0.004019737243652344
0.0035085678100585938
0.003511190414428711
0.0030078887939453125
0.0035092830657958984
0.004512310028076172
0.003509521484375
0.0035161972045898438
0.0035092830657958984
0.0030083656311035156
0.0030078887939453125
0.0035097599029541016
0.0030083656311035156
0.003509521484375
0.003509044647216797
0.003008127212524414
0.003509044647216797
0.0035092830657958984
0.003021717071533203
0.003007650375366211
0.0030078887939453125
0.003509521484375
0.0035092830657958984
0.0030078887939453125
0.003509044647216797
0.0035092830657958984
0.003509044647216797
0.003509044647216797
0.003007650375366211
0.003007650375366211
0.003509521484375
0.003007650375366211
0.004010438919067383
0.0030078887939453125
0.0035092830657958984
0.00451207160949707
0.0035092830657958984
0.003008127212524414
0.0035092830657958984
0.003007650375366211
0.004010915756225586
0.003008127212524414
0.003008127212524414
